1.339000000000000057e+02
1.346899999999999977e+02
1.322500000000000000e+02
1.300000000000000000e+02
1.335200000000000102e+02
1.303079999999999927e+02
1.273499999999999943e+02
1.291100000000000136e+02
1.273499999999999943e+02
1.271400000000000006e+02
1.276099999999999994e+02
1.257800000000000011e+02
1.266200000000000045e+02
1.214300000000000068e+02
1.203100000000000023e+02
1.194800000000000040e+02
1.227500000000000000e+02
1.260300000000000011e+02
1.254099999999999966e+02
1.188700000000000045e+02
1.181200000000000045e+02
1.190999999999999943e+02
1.159399999999999977e+02
1.173900000000000006e+02
1.168299999999999983e+02
1.180300000000000011e+02
1.173599999999999994e+02
1.200900000000000034e+02
1.196599999999999966e+02
1.175300000000000011e+02
1.163100000000000023e+02
1.180799999999999983e+02
1.175199999999999960e+02
1.180100000000000051e+02
1.172399999999999949e+02
1.197199999999999989e+02
1.182000000000000028e+02
1.184000000000000057e+02
1.245400000000000063e+02
1.255300000000000011e+02
1.258900000000000006e+02
1.285300000000000011e+02
1.289099999999999966e+02
1.301100000000000136e+02
1.288199999999999932e+02
1.305099999999999909e+02
1.335800000000000125e+02
1.318199999999999932e+02
1.311299999999999955e+02
1.317899999999999920e+02
1.313400000000000034e+02
1.327599999999999909e+02
1.303499999999999943e+02
1.304699999999999989e+02
1.292599999999999909e+02
1.280399999999999920e+02
1.347299999999999898e+02
1.350600000000000023e+02
1.351200000000000045e+02
1.365790000000000077e+02
1.357700000000000102e+02
1.318100000000000023e+02
1.314900000000000091e+02
1.355600000000000023e+02
1.348700000000000045e+02
1.409600000000000080e+02
1.400600000000000023e+02
1.411999999999999886e+02
1.401599999999999966e+02
1.442800000000000011e+02
1.458199999999999932e+02
1.421709999999999923e+02
1.424300000000000068e+02
1.441999999999999886e+02
1.464300000000000068e+02
1.500900000000000034e+02
1.436299999999999955e+02
1.471100000000000136e+02
1.420200000000000102e+02
1.393499999999999943e+02
1.417299999999999898e+02
1.370999999999999943e+02
1.374900000000000091e+02
1.298300000000000125e+02
1.309300000000000068e+02
1.287100000000000080e+02
1.249800000000000040e+02
1.312899999999999920e+02
1.304600000000000080e+02
1.338700000000000045e+02
1.314699999999999989e+02
1.285329999999999870e+02
1.289099999999999966e+02
1.262800000000000011e+02
1.245900000000000034e+02
1.197099999999999937e+02
1.227199999999999989e+02
1.221200000000000045e+02
1.248599999999999994e+02
1.232099999999999937e+02
1.267000000000000028e+02
1.254599999999999937e+02
1.232399999999999949e+02
1.263100000000000023e+02
1.287599999999999909e+02
1.227699999999999960e+02
1.220100000000000051e+02
1.188349999999999937e+02
1.179099999999999966e+02
1.232099999999999937e+02
1.230300000000000011e+02
1.238299999999999983e+02
1.268400000000000034e+02
1.269000000000000057e+02
1.258900000000000006e+02
1.258299999999999983e+02
1.225499999999999972e+02
1.223070000000000022e+02
1.214500000000000028e+02
1.183299999999999983e+02
1.210000000000000000e+02
1.177999999999999972e+02
1.086099999999999994e+02
1.092600000000000051e+02
1.109599999999999937e+02
1.091400000000000006e+02
1.100600000000000023e+02
1.134300000000000068e+02
1.162199999999999989e+02
1.172600000000000051e+02
1.195100000000000051e+02
1.236500000000000057e+02
1.232999999999999972e+02
1.220600000000000023e+02
1.184899999999999949e+02
1.199399999999999977e+02
1.200999999999999943e+02
1.174300000000000068e+02
1.200699999999999932e+02
1.188700000000000045e+02
1.184000000000000057e+02
1.171299999999999955e+02
1.171299999999999955e+02
1.168599999999999994e+02
1.178900000000000006e+02
1.200699999999999932e+02
1.224200000000000017e+02
1.275799999999999983e+02
1.278299999999999983e+02
1.283199999999999932e+02
1.288300000000000125e+02
1.300000000000000000e+02
1.258900000000000006e+02
1.265600000000000023e+02
1.246899999999999977e+02
1.260699999999999932e+02
1.288600000000000136e+02
1.296500000000000057e+02
1.275699999999999932e+02
1.277600000000000051e+02
1.265999999999999943e+02
1.245300000000000011e+02
1.268499999999999943e+02
1.248599999999999994e+02
1.266400000000000006e+02
1.237900000000000063e+02
1.248299999999999983e+02
1.324900000000000091e+02
1.352100000000000080e+02
1.387899999999999920e+02
1.372199999999999989e+02
1.391399999999999864e+02
1.403799999999999955e+02
1.424399999999999977e+02
1.450699999999999932e+02
1.457500000000000000e+02
1.454499999999999886e+02
1.481299999999999955e+02
1.483249999999999886e+02
1.513048000000000002e+02
1.507299999999999898e+02
1.518300000000000125e+02
1.528499999999999943e+02
1.607299999999999898e+02
1.593700000000000045e+02
1.596999999999999886e+02
1.589900000000000091e+02
1.570600000000000023e+02
1.537100000000000080e+02
1.553899999999999864e+02
1.608700000000000045e+02
1.554000000000000057e+02
1.562700000000000102e+02
1.555500000000000114e+02
1.530300000000000011e+02
1.564799999999999898e+02
1.551699999999999875e+02
1.555300000000000011e+02
1.646399999999999864e+02
1.635600000000000023e+02
1.586699999999999875e+02
1.586699999999999875e+02
1.649699999999999989e+02
1.691299999999999955e+02
1.690000000000000000e+02
1.699499999999999886e+02
1.675099999999999909e+02
1.668400000000000034e+02
1.652299999999999898e+02
1.625800000000000125e+02
1.646100000000000136e+02
1.684699999999999989e+02
1.689300000000000068e+02
1.707700000000000102e+02
1.719900000000000091e+02
1.702700000000000102e+02
1.733300000000000125e+02
1.703700000000000045e+02
1.656800000000000068e+02
1.589000000000000057e+02
1.577800000000000011e+02
1.583499999999999943e+02
1.641699999999999875e+02
1.648199999999999932e+02
1.703899999999999864e+02
1.681999999999999886e+02
1.772500000000000000e+02
1.775000000000000000e+02
1.794900000000000091e+02
1.754000000000000057e+02
1.765500000000000114e+02
1.765300000000000011e+02
1.756800000000000068e+02
1.780500000000000114e+02
1.767700000000000102e+02
1.762899999999999920e+02
1.748499999999999943e+02
1.756200000000000045e+02
1.742500000000000000e+02
1.739399999999999977e+02
1.755699999999999932e+02
1.780399999999999920e+02
1.775800000000000125e+02
1.832899999999999920e+02
1.847500000000000000e+02
1.847599999999999909e+02
1.825900000000000034e+02
1.821399999999999864e+02
1.810900000000000034e+02
1.833700000000000045e+02
1.827500000000000000e+02
1.800000000000000000e+02
1.842199999999999989e+02
1.850099999999999909e+02
1.874199999999999875e+02
1.858600000000000136e+02
1.854900000000000091e+02
1.846800000000000068e+02
1.843400000000000034e+02
1.840800000000000125e+02
1.855300000000000011e+02
1.887500000000000000e+02
1.912500000000000000e+02
1.868700000000000045e+02
1.819600000000000080e+02
1.774199999999999875e+02
1.768499999999999943e+02
1.766999999999999886e+02
1.753899999999999864e+02
1.844499999999999886e+02
1.711399999999999864e+02
1.696399999999999864e+02
1.721100000000000136e+02
1.735300000000000011e+02
1.737100000000000080e+02
1.759300000000000068e+02
1.764300000000000068e+02
1.830600000000000023e+02
1.853000000000000114e+02
1.862100000000000080e+02
1.892500000000000000e+02
1.904199999999999875e+02
1.890300000000000011e+02
1.866200000000000045e+02
1.877599999999999909e+02
1.865000000000000000e+02
1.804199999999999875e+02
1.766800000000000068e+02
1.777500000000000000e+02
1.772400000000000091e+02
1.732899999999999920e+02
1.694399999999999977e+02
1.720200000000000102e+02
1.727899999999999920e+02
1.716699999999999875e+02
1.690800000000000125e+02
1.668899999999999864e+02
1.690500000000000114e+02
1.661399999999999864e+02
1.680699999999999932e+02
1.667299999999999898e+02
1.650800000000000125e+02
1.646999999999999886e+02
1.609699999999999989e+02
1.618199999999999932e+02
1.645250000000000057e+02
1.625999999999999943e+02
1.653199999999999932e+02
1.710999999999999943e+02
1.709799999999999898e+02
1.693499999999999943e+02
1.746200000000000045e+02
1.794199999999999875e+02
1.801299999999999955e+02
1.801299999999999955e+02
1.829399999999999977e+02
1.852899999999999920e+02
1.827599999999999909e+02
1.849099999999999966e+02
1.847100000000000080e+02
1.840399999999999920e+02
1.804799999999999898e+02
1.822899999999999920e+02
1.818199999999999932e+02
1.800099999999999909e+02
1.783400000000000034e+02
1.788199999999999932e+02
1.838700000000000045e+02
1.858899999999999864e+02
1.854199999999999875e+02
1.823000000000000114e+02
1.966299999999999955e+02
1.950699999999999932e+02
1.958100000000000023e+02
2.011899999999999977e+02
1.984499999999999886e+02
1.999699999999999989e+02
1.971100000000000136e+02
1.975999999999999943e+02
2.008000000000000114e+02
2.039399999999999977e+02
2.043799999999999955e+02
2.060699999999999932e+02
2.025600000000000023e+02
1.925099999999999909e+02
1.948100000000000023e+02
1.970900000000000034e+02
1.988050000000000068e+02
1.986500000000000057e+02
1.962199999999999989e+02
1.932700000000000102e+02
1.922599999999999909e+02
1.950000000000000000e+02
1.941299999999999955e+02
1.966899999999999977e+02
1.923950000000000102e+02
1.936500000000000057e+02
1.883199999999999932e+02
1.856899999999999977e+02
1.875500000000000114e+02
1.880500000000000114e+02
1.896800000000000068e+02
1.865300000000000011e+02
1.862899999999999920e+02
1.899600000000000080e+02
1.859799999999999898e+02
1.836500000000000057e+02
1.863700000000000045e+02
1.877199999999999989e+02
1.942299999999999898e+02
1.916299999999999955e+02
1.941599999999999966e+02
1.925500000000000114e+02
2.012500000000000000e+02
2.023499999999999943e+02
2.041800000000000068e+02
2.044900000000000091e+02
2.094900000000000091e+02
2.131899999999999977e+02
2.141899999999999977e+02
2.167400000000000091e+02
2.182800000000000011e+02
2.125500000000000114e+02
2.112299999999999898e+02
2.135000000000000000e+02
2.103799999999999955e+02
2.128700000000000045e+02
2.115300000000000011e+02
2.180600000000000023e+02
2.155500000000000114e+02
2.132100000000000080e+02
2.165200000000000102e+02
2.134900000000000091e+02
2.141800000000000068e+02
2.225180000000000007e+02
2.239000000000000057e+02
2.225200000000000102e+02
2.213199999999999932e+02
2.116999999999999886e+02
2.099600000000000080e+02
2.014799999999999898e+02
2.026999999999999886e+02
1.936999999999999886e+02
2.050900000000000034e+02
1.941299999999999955e+02
1.983600000000000136e+02
2.023000000000000114e+02
2.029499999999999886e+02
1.976800000000000068e+02
1.959300000000000068e+02
1.825200000000000102e+02
1.789300000000000068e+02
1.775399999999999920e+02
1.935500000000000114e+02
1.937299999999999898e+02
1.920300000000000011e+02
1.992700000000000102e+02
2.065300000000000011e+02
2.109199999999999875e+02
2.152299999999999898e+02
2.125399999999999920e+02
2.100000000000000000e+02
2.161800000000000068e+02
2.199000000000000057e+02
2.172599999999999909e+02
2.113899999999999864e+02
2.165600000000000023e+02
2.195300000000000011e+02
2.225699999999999932e+02
2.267800000000000011e+02
2.393000000000000114e+02
2.416899999999999977e+02
2.332500000000000000e+02
2.318700000000000045e+02
2.232299999999999898e+02
2.236100000000000136e+02
2.298499999999999943e+02
2.242100000000000080e+02
2.297100000000000080e+02
2.224399999999999977e+02
2.162299999999999898e+02
2.119799999999999898e+02
2.125000000000000000e+02
2.194979999999999905e+02
2.215099999999999909e+02
2.247400000000000091e+02
2.313199999999999932e+02
2.354799999999999898e+02
2.368100000000000023e+02
2.361500000000000057e+02
2.467100000000000080e+02
2.423300000000000125e+02
2.438799999999999955e+02
2.315300000000000011e+02
2.336100000000000136e+02
2.347800000000000011e+02
2.376100000000000136e+02
2.271500000000000057e+02
1.984000000000000057e+02
2.067800000000000011e+02
2.173199999999999932e+02
2.135099999999999909e+02
2.121049999999999898e+02
2.156200000000000045e+02
2.182899999999999920e+02
2.164799999999999898e+02
2.170000000000000000e+02
2.179900000000000091e+02
2.112199999999999989e+02
2.107899999999999920e+02
2.173899999999999864e+02
2.189300000000000068e+02
2.178300000000000125e+02
2.119900000000000091e+02
2.045200000000000102e+02
1.971399999999999864e+02
1.892500000000000000e+02
1.923400000000000034e+02
1.889900000000000091e+02
1.823990000000000009e+02
1.941500000000000057e+02
1.883899999999999864e+02
1.922899999999999920e+02
1.971299999999999955e+02
1.960300000000000011e+02
1.962400000000000091e+02
1.919900000000000091e+02
1.953199999999999932e+02
1.904799999999999898e+02
1.930300000000000011e+02
1.895200000000000102e+02
1.805099999999999909e+02
1.802100000000000080e+02
1.812599999999999909e+02
1.812599999999999909e+02
1.793300000000000125e+02
1.825200000000000102e+02
1.743499999999999943e+02
1.790300000000000011e+02
1.772800000000000011e+02
1.762700000000000102e+02
1.738899999999999864e+02
1.738600000000000136e+02
1.730999999999999943e+02
1.790300000000000011e+02
1.775099999999999909e+02
1.776100000000000136e+02
1.826100000000000136e+02
1.785600000000000023e+02
1.793400000000000034e+02
1.789000000000000057e+02
1.759300000000000068e+02
1.784199999999999875e+02
1.816599999999999966e+02
1.894399999999999977e+02
1.944499999999999886e+02
1.909300000000000068e+02
1.860900000000000034e+02
1.870000000000000000e+02
1.878000000000000114e+02
1.933160000000000025e+02
1.953700000000000045e+02
1.921500000000000057e+02
1.944399999999999977e+02
1.794600000000000080e+02
1.817199999999999989e+02
1.876800000000000068e+02
1.831399999999999864e+02
1.841899999999999977e+02
1.854799999999999898e+02
1.849799999999999898e+02
1.855399999999999920e+02
1.915900000000000034e+02
1.913000000000000114e+02
1.844699999999999989e+02
1.799300000000000068e+02
1.825000000000000000e+02
1.822599999999999909e+02
1.805800000000000125e+02
1.788899999999999864e+02
1.791299999999999955e+02
1.785300000000000011e+02
1.838000000000000114e+02
1.796899999999999977e+02
1.800399999999999920e+02
1.793000000000000114e+02
1.802599999999999909e+02
1.810900000000000034e+02
1.837700000000000102e+02
1.876399999999999864e+02
1.843199999999999932e+02
1.833899999999999864e+02
1.845900000000000034e+02
1.822599999999999909e+02
1.844300000000000068e+02
1.850500000000000114e+02
1.855200000000000102e+02
1.923300000000000125e+02
1.917299999999999898e+02
1.924000000000000057e+02
1.950399999999999920e+02
2.028700000000000045e+02
2.054399999999999977e+02
2.011599999999999966e+02
2.046100000000000136e+02
2.025099999999999909e+02
1.980500000000000114e+02
1.996599999999999966e+02
1.939900000000000091e+02
1.943899999999999864e+02
1.918700000000000045e+02
1.869799999999999898e+02
1.879699999999999989e+02
1.906899999999999977e+02
1.884600000000000080e+02
1.855000000000000000e+02
1.883899999999999864e+02
1.910699999999999932e+02
1.910999999999999943e+02
1.899799999999999898e+02
1.882400000000000091e+02
1.903300000000000125e+02
1.944199999999999875e+02
1.959900000000000091e+02
2.268499999999999943e+02
2.319000000000000057e+02
2.300399999999999920e+02
2.302500000000000000e+02
2.294499999999999886e+02
2.239900000000000091e+02
2.251599999999999966e+02
2.239000000000000057e+02
2.229799999999999898e+02
2.266899999999999977e+02
2.276800000000000068e+02
2.229300000000000068e+02
2.243899999999999864e+02
2.240600000000000023e+02
2.183600000000000136e+02
2.138499999999999943e+02
2.181100000000000136e+02
2.153300000000000125e+02
2.172800000000000011e+02
2.152400000000000091e+02
2.128899999999999864e+02
2.147500000000000000e+02
2.092299999999999898e+02
2.129099999999999966e+02
2.082199999999999989e+02
2.145699999999999932e+02
2.132100000000000080e+02
2.176399999999999864e+02
2.188000000000000114e+02
2.184799999999999898e+02
2.165000000000000000e+02
2.164199999999999875e+02
2.147299999999999898e+02
2.144499999999999886e+02
2.183499999999999943e+02
2.226599999999999966e+02
2.240300000000000011e+02
2.230200000000000102e+02
2.205749999999999886e+02
2.221599999999999966e+02
2.200699999999999932e+02
2.256100000000000136e+02
2.256200000000000045e+02
2.213100000000000023e+02
2.283499999999999943e+02
2.293199999999999932e+02
2.295300000000000011e+02
2.270600000000000023e+02
2.250500000000000114e+02
2.250500000000000114e+02
2.195000000000000000e+02
2.183700000000000045e+02
2.153600000000000136e+02
2.183899999999999864e+02
2.160099999999999909e+02
2.169300000000000068e+02
2.174699999999999989e+02
2.261699999999999875e+02
2.282899999999999920e+02
2.260099999999999909e+02
2.230399999999999920e+02
2.170500000000000114e+02
2.200099999999999909e+02
2.373199999999999932e+02
2.360900000000000034e+02
2.333000000000000114e+02
2.320900000000000034e+02
2.308100000000000023e+02
2.349699999999999989e+02
2.339900000000000091e+02
2.365600000000000023e+02
2.343799999999999955e+02
2.340600000000000023e+02
2.327500000000000000e+02
2.324399999999999977e+02
2.331899999999999977e+02
2.374199999999999875e+02
2.415500000000000114e+02
2.411699999999999875e+02
2.403499999999999943e+02
2.394499999999999886e+02
2.430999999999999943e+02
2.411980000000000075e+02
2.457400000000000091e+02
2.439199999999999875e+02
2.461100000000000136e+02
2.471200000000000045e+02
2.462199999999999989e+02
2.482700000000000102e+02
2.478799999999999955e+02
2.462199999999999989e+02
2.513799999999999955e+02
2.591399999999999864e+02
2.570899999999999750e+02
2.556699999999999875e+02
2.556299999999999955e+02
2.602400000000000091e+02
2.612699999999999818e+02
2.580000000000000000e+02
2.587500000000000000e+02
2.616800000000000068e+02
2.608100000000000023e+02
2.574700000000000273e+02
2.548050000000000068e+02
2.524600000000000080e+02
2.496699999999999875e+02
2.565899999999999750e+02
2.543199999999999932e+02
2.520099999999999909e+02
2.505999999999999943e+02
2.559199999999999875e+02
2.604700000000000273e+02
2.585099999999999909e+02
2.590600000000000023e+02
2.509600000000000080e+02
2.449900000000000091e+02
2.442199999999999989e+02
2.423600000000000136e+02
2.441800000000000068e+02
2.439399999999999977e+02
2.474900000000000091e+02
2.448499999999999943e+02
2.400000000000000000e+02
2.337800000000000011e+02
2.343100000000000023e+02
2.284900000000000091e+02
2.229199999999999875e+02
2.382400000000000091e+02
2.328931000000000040e+02
2.321399999999999864e+02
2.324224000000000103e+02
2.343300000000000125e+02
2.375600000000000023e+02
2.320608000000000004e+02
2.273499999999999943e+02
2.263100000000000023e+02
2.264699999999999989e+02
2.265999999999999943e+02
2.229499999999999886e+02
2.205989999999999895e+02
2.252299999999999898e+02
2.297100000000000080e+02
2.337800000000000011e+02
2.380300000000000011e+02
2.398799999999999955e+02
2.436200000000000045e+02
2.434017000000000053e+02
2.471100000000000136e+02
2.512700000000000102e+02
2.520500000000000114e+02
2.503291000000000111e+02
2.524881000000000029e+02
2.539600000000000080e+02
2.533700000000000045e+02
2.532681000000000040e+02
2.477700000000000102e+02
2.506899999999999977e+02
2.517599999999999909e+02
2.512500000000000000e+02
2.491899999999999977e+02
2.538600000000000136e+02
2.603999999999999773e+02
2.579900000000000091e+02
2.615000000000000000e+02
2.569200000000000159e+02
2.586200000000000045e+02
2.486314000000000135e+02
2.483100000000000023e+02
2.451800000000000068e+02
2.508700000000000045e+02
2.573100000000000023e+02
2.584800000000000182e+02
2.591499999999999773e+02
2.684592000000000098e+02
2.663799999999999955e+02
2.663500000000000227e+02
2.653399999999999750e+02
2.679399999999999977e+02
2.727300000000000182e+02
2.718999999999999773e+02
2.689300000000000068e+02
2.704800000000000182e+02
2.721200000000000045e+02
2.701899999999999977e+02
2.681100000000000136e+02
2.736200000000000045e+02
2.839900000000000091e+02
2.760400000000000205e+02
2.603500000000000227e+02
2.727640000000000100e+02
2.655000000000000000e+02
2.650000000000000000e+02
2.599800000000000182e+02
2.668899999999999864e+02
2.622200000000000273e+02
2.602300000000000182e+02
2.619499999999999886e+02
2.572099999999999795e+02
2.586999999999999886e+02
2.694700000000000273e+02
2.692400000000000091e+02
2.650899999999999750e+02
2.697500000000000000e+02
2.664100000000000250e+02
2.659399999999999977e+02
2.654200000000000159e+02
2.598700000000000045e+02
2.593600000000000136e+02
2.632500000000000000e+02
2.642699999999999818e+02
2.657400000000000091e+02
2.731100000000000136e+02
2.755899999999999750e+02
2.737900000000000205e+02
2.738799999999999955e+02
2.741899999999999977e+02
2.712400000000000091e+02
2.741299999999999955e+02
2.751000000000000227e+02
2.657400000000000091e+02
2.618199999999999932e+02
2.578899999999999864e+02
2.564100000000000250e+02
2.572780000000000200e+02
2.533899999999999864e+02
2.577500000000000000e+02
2.560199999999999818e+02
2.603100000000000023e+02
2.653000000000000114e+02
2.664900000000000091e+02
2.616100000000000136e+02
2.633220000000000027e+02
2.590299999999999727e+02
2.590799999999999841e+02
2.554799999999999898e+02
2.589499999999999886e+02
2.611399999999999864e+02
2.647699999999999818e+02
2.698500000000000227e+02
2.728700000000000045e+02
2.677200000000000273e+02
2.723399999999999750e+02
2.673999999999999773e+02
2.594200000000000159e+02
2.603199999999999932e+02
2.635500000000000114e+02
2.688999999999999773e+02
2.687799999999999727e+02
2.746999999999999886e+02
2.548100000000000023e+02
2.497400000000000091e+02
2.538100000000000023e+02
2.482299999999999898e+02
2.525500000000000114e+02
2.580500000000000114e+02
2.557199999999999989e+02
2.577300000000000182e+02
2.586800000000000068e+02
2.601600000000000250e+02
2.636299999999999955e+02
2.645099999999999909e+02
2.683299999999999841e+02
2.665600000000000023e+02
2.641200000000000045e+02
2.698999999999999773e+02
2.676299999999999955e+02
2.688600000000000136e+02
2.629599999999999795e+02
2.618000000000000114e+02
2.617400000000000091e+02
2.672900000000000205e+02
2.655299999999999727e+02
2.668299999999999841e+02
2.691999999999999886e+02
2.668799999999999955e+02
2.656999999999999886e+02
2.671700000000000159e+02
2.678299999999999841e+02
2.768700000000000045e+02
2.810699999999999932e+02
2.747799999999999727e+02
2.716700000000000159e+02
2.757900000000000205e+02
2.739900000000000091e+02
2.780600000000000023e+02
2.817599999999999909e+02
2.781600000000000250e+02
2.734399999999999977e+02
2.733600000000000136e+02
2.706100000000000136e+02
2.720880000000000223e+02
2.775699999999999932e+02
2.775500000000000114e+02
2.776899999999999977e+02
2.821000000000000227e+02
2.837300000000000182e+02
2.840299999999999727e+02
2.858799999999999955e+02
2.905899999999999750e+02
2.915299999999999727e+02
2.923299999999999841e+02
2.996600000000000250e+02
3.075500000000000114e+02
3.065699999999999932e+02
3.068700000000000045e+02
3.086899999999999977e+02
3.041100000000000136e+02
3.052300000000000182e+02
3.034800000000000182e+02
3.010600000000000023e+02
2.989399999999999977e+02
3.033999999999999773e+02
3.120099999999999909e+02
3.061000000000000227e+02
3.024100000000000250e+02
3.012200000000000273e+02
3.055699999999999932e+02
3.042099999999999795e+02
3.009900000000000091e+02
3.007500000000000000e+02
2.969100000000000250e+02
2.957400000000000091e+02
2.972599999999999909e+02
2.966899999999999977e+02
2.939700000000000273e+02
2.913399999999999750e+02
2.864700000000000273e+02
2.848199999999999932e+02
2.855699999999999932e+02
2.870899999999999750e+02
2.845699999999999932e+02
2.897300000000000182e+02
2.900099999999999909e+02
2.862099999999999795e+02
2.809300000000000068e+02
2.815799999999999841e+02
2.839800000000000182e+02
2.809800000000000182e+02
2.888000000000000114e+02
2.936399999999999864e+02
2.941000000000000227e+02
2.958600000000000136e+02
2.997099999999999795e+02
3.003600000000000136e+02
2.996399999999999864e+02
2.988600000000000136e+02
2.979200000000000159e+02
2.960600000000000023e+02
3.041700000000000159e+02
3.120339999999999918e+02
3.120600000000000023e+02
3.163399999999999750e+02
3.114900000000000091e+02
3.141299999999999955e+02
3.126499999999999773e+02
3.181200000000000045e+02
3.160099999999999909e+02
3.126399999999999864e+02
3.209499999999999886e+02
3.205099999999999909e+02
3.147599999999999909e+02
3.190400000000000205e+02
3.100299999999999727e+02
3.032300000000000182e+02
2.982300000000000182e+02
3.051739999999999782e+02
3.108890000000000100e+02
3.106999999999999886e+02
3.063999999999999773e+02
3.104900000000000091e+02
3.107699999999999818e+02
3.289309999999999832e+02
3.264399999999999977e+02
3.325400000000000205e+02
3.267559999999999718e+02
3.322099999999999795e+02
3.633899999999999864e+02
3.581600000000000250e+02
3.626999999999999886e+02
3.610799999999999841e+02
3.640299999999999727e+02
3.590020000000000095e+02
3.587400000000000091e+02
3.588919999999999959e+02
3.561800000000000068e+02
3.435600000000000023e+02
3.503100000000000023e+02
3.543779999999999859e+02
3.495299999999999727e+02
3.562200000000000273e+02
3.673960000000000150e+02
3.691700000000000159e+02
3.661800000000000068e+02
3.649399999999999977e+02
3.625699999999999932e+02
3.689200000000000159e+02
3.723100000000000023e+02
3.766399999999999864e+02
3.813700000000000045e+02
3.867099999999999795e+02
3.936200000000000045e+02
3.923000000000000114e+02
3.846600000000000250e+02
3.859599999999999795e+02
3.844900000000000091e+02
3.869499999999999886e+02
3.848899999999999864e+02
3.877799999999999727e+02
3.821899999999999977e+02
3.812500000000000000e+02
3.842400000000000091e+02
3.889700000000000273e+02
3.876499999999999773e+02
3.959599999999999795e+02
3.951899999999999977e+02
4.021999999999999886e+02
4.029200000000000159e+02
3.991999999999999886e+02
4.043899999999999864e+02
3.980799999999999841e+02
3.933700000000000045e+02
3.987900000000000205e+02
3.979700000000000273e+02
3.964399999999999977e+02
3.936299999999999955e+02
3.980299999999999727e+02
4.019200000000000159e+02
4.010099999999999909e+02
3.976600000000000250e+02
3.909800000000000182e+02
3.975400000000000205e+02
3.958700000000000045e+02
3.958000000000000114e+02
3.996100000000000136e+02
4.070500000000000114e+02
4.045400000000000205e+02
3.998700000000000045e+02
3.876000000000000227e+02
3.862799999999999727e+02
3.944300000000000068e+02
3.841999999999999886e+02
4.030099999999999909e+02
3.586899999999999977e+02
3.461499999999999773e+02
3.479499999999999886e+02
3.464499999999999886e+02
3.545899999999999750e+02
3.610799999999999841e+02
3.608700000000000045e+02
3.617900000000000205e+02
3.492500000000000000e+02
3.571999999999999886e+02
3.573500000000000227e+02
3.536499999999999773e+02
3.473799999999999955e+02
3.498000000000000114e+02
3.467599999999999909e+02
3.517799999999999727e+02
3.583199999999999932e+02
3.598000000000000114e+02
3.601299999999999955e+02
3.621000000000000227e+02
3.597799999999999727e+02
3.638999999999999773e+02
3.723700000000000045e+02
3.721600000000000250e+02
3.720600000000000023e+02
3.705299999999999727e+02
3.688199999999999932e+02
3.706399999999999864e+02
3.715099999999999909e+02
3.737400000000000091e+02
3.750400000000000205e+02
3.787699999999999818e+02
3.732300000000000182e+02
3.689700000000000273e+02
3.606200000000000045e+02
3.518500000000000227e+02
3.547099999999999795e+02
3.434100000000000250e+02
3.384700000000000273e+02
3.382900000000000205e+02
3.363650000000000091e+02
3.429900000000000091e+02
3.419599999999999795e+02
3.336200000000000045e+02
3.230000000000000000e+02
3.177599999999999909e+02
3.270699999999999932e+02
3.318050000000000068e+02
3.171100000000000136e+02
3.117300000000000182e+02
3.159100000000000250e+02
3.160799999999999841e+02
3.236800000000000068e+02
3.249100000000000250e+02
3.308700000000000045e+02
3.293199999999999932e+02
3.245799999999999841e+02
3.371499999999999773e+02
3.038299999999999841e+02
2.965799999999999841e+02
3.003799999999999955e+02
3.041299999999999955e+02
3.078899999999999864e+02
3.080099999999999909e+02
3.100500000000000114e+02
2.973799999999999955e+02
2.927099999999999795e+02
2.883199999999999932e+02
2.922400000000000091e+02
3.028600000000000136e+02
3.046399999999999864e+02
2.976200000000000045e+02
2.951899999999999977e+02
2.976999999999999886e+02
2.967549999999999955e+02
3.011899999999999977e+02
3.050099999999999909e+02
3.049100000000000250e+02
3.122400000000000091e+02
3.108199999999999932e+02
3.101600000000000250e+02
3.137799999999999727e+02
3.125500000000000114e+02
3.088399999999999750e+02
3.071899999999999977e+02
3.067799999999999727e+02
3.235699999999999932e+02
3.296700000000000159e+02
3.275000000000000000e+02
3.324100000000000250e+02
3.351999999999999886e+02
3.259100000000000250e+02
3.262699999999999818e+02
3.276200000000000045e+02
3.256200000000000045e+02
3.343799999999999955e+02
3.270000000000000000e+02
3.241999999999999886e+02
3.272400000000000091e+02
3.241600000000000250e+02
3.274399999999999977e+02
3.256899999999999977e+02
3.245699999999999932e+02
3.247799999999999727e+02
3.323899999999999864e+02
3.328500000000000227e+02
3.374920000000000186e+02
3.335500000000000114e+02
3.238100000000000023e+02
3.299700000000000273e+02
3.279200000000000159e+02
3.461999999999999886e+02
3.553199999999999932e+02
3.544399999999999977e+02
3.558999999999999773e+02
3.524540000000000077e+02
3.586600000000000250e+02
3.597599999999999909e+02
3.608399999999999750e+02
3.581399999999999864e+02
3.586100000000000136e+02
3.240099999999999909e+02
3.204100000000000250e+02
3.200000000000000000e+02
3.225099999999999909e+02
3.129900000000000091e+02
3.070600000000000023e+02
3.136499999999999773e+02
3.123199999999999932e+02
3.138899999999999864e+02
3.114499999999999886e+02
3.168000000000000114e+02
3.183299999999999841e+02
3.193199999999999932e+02
3.262799999999999727e+02
3.332099999999999795e+02
3.336299999999999955e+02
3.345299999999999727e+02
3.351299999999999955e+02
3.357799999999999727e+02
3.329100000000000250e+02
3.315899999999999750e+02
3.340199999999999818e+02
3.418299999999999841e+02
3.431800000000000068e+02
3.400199999999999818e+02
3.390400000000000205e+02
3.423799999999999955e+02
3.390000000000000000e+02
3.459499999999999886e+02
3.463799999999999955e+02
3.423399999999999750e+02
3.297500000000000000e+02
3.313299999999999841e+02
3.305199999999999818e+02
3.311899999999999977e+02
3.238899999999999864e+02
3.277599999999999909e+02
3.240000000000000000e+02
3.250000000000000000e+02
3.313199999999999932e+02
3.245000000000000000e+02
3.236299999999999955e+02
3.282099999999999795e+02
3.219300000000000068e+02
3.232099999999999795e+02
3.218199999999999932e+02
3.224399999999999977e+02
3.174599999999999795e+02
3.184100000000000250e+02
3.227400000000000091e+02
3.221999999999999886e+02
3.169800000000000182e+02
3.226999999999999886e+02
3.153700000000000045e+02
3.113899999999999864e+02
3.064499999999999886e+02
3.083100000000000023e+02
3.059700000000000273e+02
3.028600000000000136e+02
3.036399999999999864e+02
3.062099999999999795e+02
3.153299999999999841e+02
3.129700000000000273e+02
3.131800000000000068e+02
2.870600000000000023e+02
2.899700000000000273e+02
2.955899999999999750e+02
2.941200000000000045e+02
2.990699999999999932e+02
3.054599999999999795e+02
3.057200000000000273e+02
3.028100000000000023e+02
2.965199999999999818e+02
2.966399999999999864e+02
2.998600000000000136e+02
3.051100000000000136e+02
3.120099999999999909e+02
3.115099999999999909e+02
3.164800000000000182e+02
3.278199999999999932e+02
3.230500000000000114e+02
3.249300000000000068e+02
3.265400000000000205e+02
3.305400000000000205e+02
3.326299999999999955e+02
3.356399999999999864e+02
3.350400000000000205e+02
3.335699999999999932e+02
3.386399999999999864e+02
3.260000000000000000e+02
3.263100000000000023e+02
3.165000000000000000e+02
3.169300000000000068e+02
3.126299999999999955e+02
3.066399999999999864e+02
3.125000000000000000e+02
3.058399999999999750e+02
3.073600000000000136e+02
3.073199999999999932e+02
3.060699999999999932e+02
2.950600000000000023e+02
2.988799999999999955e+02
2.977300000000000182e+02
2.998999999999999773e+02
3.065400000000000205e+02
3.062850000000000250e+02
3.030299999999999727e+02
3.090899999999999750e+02
3.120400000000000205e+02
3.103000000000000114e+02
3.103500000000000227e+02
3.085199999999999818e+02
3.021899999999999977e+02
2.952900000000000205e+02
2.984200000000000159e+02
3.004599999999999795e+02
2.969300000000000068e+02
2.914100000000000250e+02
2.947400000000000091e+02
2.932699999999999818e+02
2.869499999999999886e+02
2.907400000000000091e+02
2.894399999999999977e+02
2.972500000000000000e+02
3.103199999999999932e+02
3.123899999999999864e+02
3.096600000000000250e+02
3.067500000000000000e+02
3.039100000000000250e+02
3.117799999999999727e+02
3.545299999999999727e+02
3.644700000000000273e+02
3.635500000000000114e+02
3.647500000000000000e+02
3.738899999999999864e+02
3.742799999999999727e+02
3.705600000000000023e+02
3.729950000000000045e+02
3.751399999999999864e+02
3.771700000000000159e+02
3.818299999999999841e+02
3.754300000000000068e+02
3.733700000000000045e+02
3.789950000000000045e+02
3.836600000000000250e+02
3.801399999999999864e+02
3.785899999999999750e+02
3.853700000000000045e+02
3.848000000000000114e+02
3.801600000000000250e+02
3.856549999999999727e+02
3.846100000000000136e+02
3.827200000000000273e+02
3.878299999999999841e+02
3.800899999999999750e+02
3.785600000000000023e+02
3.695099999999999909e+02
3.663700000000000045e+02
3.742400000000000091e+02
3.705799999999999841e+02
3.733500000000000227e+02
3.719200000000000159e+02
3.751349999999999909e+02
3.732400000000000091e+02
3.784900000000000091e+02
3.751100000000000136e+02
3.740899999999999750e+02
3.709599999999999795e+02
3.673500000000000227e+02
3.705600000000000023e+02
3.745899999999999750e+02
3.721000000000000227e+02
3.702549999999999955e+02
3.722500000000000000e+02
3.770400000000000205e+02
3.744100000000000250e+02
3.811999999999999886e+02
3.835400000000000205e+02
3.826499999999999773e+02
3.823600000000000136e+02
3.851100000000000136e+02
3.834499999999999886e+02
3.860400000000000205e+02
3.755600000000000023e+02
3.895099999999999909e+02
3.911800000000000068e+02
3.898000000000000114e+02
3.899900000000000091e+02
4.451000000000000227e+02
4.385600000000000023e+02
4.293100000000000023e+02
4.293700000000000045e+02
4.217799999999999727e+02
4.228700000000000045e+02
4.230400000000000205e+02
4.211899999999999977e+02
4.191000000000000227e+02
4.268799999999999955e+02
4.336899999999999977e+02
4.328500000000000227e+02
4.310199999999999818e+02
4.268700000000000045e+02
4.322799999999999727e+02
4.260000000000000000e+02
4.252400000000000091e+02
4.217099999999999795e+02
4.238600000000000136e+02
4.316299999999999955e+02
4.276299999999999955e+02
4.254700000000000273e+02
4.314200000000000159e+02
4.265699999999999932e+02
4.292300000000000182e+02
4.309200000000000159e+02
4.309900000000000091e+02
4.365899999999999750e+02
4.307799999999999727e+02
4.269499999999999886e+02
4.235000000000000000e+02
4.254800000000000182e+02
4.307699999999999818e+02
4.329700000000000273e+02
4.299200000000000159e+02
4.236700000000000159e+02
4.272599999999999909e+02
4.278100000000000023e+02
4.393899999999999864e+02
4.349200000000000159e+02
4.362900000000000205e+02
4.459900000000000091e+02
4.408399999999999750e+02
4.401000000000000227e+02
4.381000000000000227e+02
4.298600000000000136e+02
4.340899999999999750e+02
4.373899999999999864e+02
4.377099999999999795e+02
4.360400000000000205e+02
4.367200000000000273e+02
4.296999999999999886e+02
4.343899999999999864e+02
4.435099999999999909e+02
4.555699999999999932e+02
4.655699999999999932e+02
4.611899999999999977e+02
4.754800000000000182e+02
4.830099999999999909e+02
4.881000000000000227e+02
4.880000000000000000e+02
4.882699999999999818e+02
4.821800000000000068e+02
5.294199999999999591e+02
5.314099999999999682e+02
5.260299999999999727e+02
5.290000000000000000e+02
5.367599999999999909e+02
5.361499999999999773e+02
5.350299999999999727e+02
5.318999999999999773e+02
5.370099999999999909e+02
5.294600000000000364e+02
5.226200000000000045e+02
5.240000000000000000e+02
5.274600000000000364e+02
5.259099999999999682e+02
5.296599999999999682e+02
5.315199999999999818e+02
5.352200000000000273e+02
5.350199999999999818e+02
5.329199999999999591e+02
5.157799999999999727e+02
4.944700000000000273e+02
4.633700000000000045e+02
4.663700000000000045e+02
5.007699999999999818e+02
5.183700000000000045e+02
5.180099999999999909e+02
5.128899999999999864e+02
4.965400000000000205e+02
5.105500000000000114e+02
5.047200000000000273e+02
4.990000000000000000e+02
5.175399999999999636e+02
5.168899999999999864e+02
5.222400000000000091e+02
5.294400000000000546e+02
5.213799999999999955e+02
5.223700000000000045e+02
5.273899999999999864e+02
5.388700000000000045e+02
5.402599999999999909e+02
5.483899999999999864e+02
5.383999999999999773e+02
5.360700000000000500e+02
5.337500000000000000e+02
5.242500000000000000e+02
5.040600000000000023e+02
4.960699999999999932e+02
5.118899999999999864e+02
5.207200000000000273e+02
5.325399999999999636e+02
5.436799999999999500e+02
5.374800000000000182e+02
5.419400000000000546e+02
5.331599999999999682e+02
5.397999999999999545e+02
5.501900000000000546e+02
5.488999999999999773e+02
5.448300000000000409e+02
5.624400000000000546e+02
5.707599999999999909e+02
5.731499999999999773e+02
5.608799999999999955e+02
5.557699999999999818e+02
5.639099999999999682e+02
5.990299999999999727e+02
6.086100000000000136e+02
6.110099999999999909e+02
6.171000000000000227e+02
6.265499999999999545e+02
6.258999999999999773e+02
6.283500000000000227e+02
6.253099999999999454e+02
6.409500000000000455e+02
6.556499999999999773e+02
6.593700000000000045e+02
6.554900000000000091e+02
6.596799999999999500e+02
6.732500000000000000e+02
6.656000000000000227e+02
6.423500000000000227e+02
6.478099999999999454e+02
6.432999999999999545e+02
6.635399999999999636e+02
6.612699999999999818e+02
6.684500000000000455e+02
6.789900000000000091e+02
6.711499999999999773e+02
6.753400000000000318e+02
6.732599999999999909e+02
6.647999999999999545e+02
6.790599999999999454e+02
6.760099999999999909e+02
6.662500000000000000e+02
6.726399999999999864e+02
6.698300000000000409e+02
6.773300000000000409e+02
6.647899999999999636e+02
6.623200000000000500e+02
6.401499999999999773e+02
6.579099999999999682e+02
6.586399999999999864e+02
6.757699999999999818e+02
6.706499999999999773e+02
6.641399999999999864e+02
6.645099999999999909e+02
6.631499999999999773e+02
6.637000000000000455e+02
6.627899999999999636e+02
6.752000000000000455e+02
6.939700000000000273e+02
6.890700000000000500e+02
6.758899999999999864e+02
6.369900000000000091e+02
6.337899999999999636e+02
6.326499999999999773e+02
6.079400000000000546e+02
6.070499999999999545e+02
6.177400000000000091e+02
6.178899999999999864e+02
5.818099999999999454e+02
5.930000000000000000e+02
5.701799999999999500e+02
5.744800000000000182e+02
5.717699999999999818e+02
5.750199999999999818e+02
5.963799999999999955e+02
5.965299999999999727e+02
6.012500000000000000e+02
5.833500000000000227e+02
6.353500000000000227e+02
5.870000000000000000e+02
5.748099999999999454e+02
5.521000000000000227e+02
5.310700000000000500e+02
5.362599999999999909e+02
5.021299999999999955e+02
4.881000000000000227e+02
4.820699999999999932e+02
4.904800000000000182e+02
5.038199999999999932e+02
5.070799999999999841e+02
5.211000000000000227e+02
5.341000000000000227e+02
5.250000000000000000e+02
5.348999999999999773e+02
5.595000000000000000e+02
5.529400000000000546e+02
5.540399999999999636e+02
5.551499999999999773e+02
5.552300000000000182e+02
5.525199999999999818e+02
5.790399999999999636e+02
5.802100000000000364e+02
5.774900000000000091e+02
5.751399999999999864e+02
5.627999999999999545e+02
5.602599999999999909e+02
5.594700000000000273e+02
5.589299999999999500e+02
5.696100000000000136e+02
5.733700000000000045e+02
5.770199999999999818e+02
5.742699999999999818e+02
5.594400000000000546e+02
5.520800000000000409e+02
5.539800000000000182e+02
5.604800000000000182e+02
5.696299999999999955e+02
5.829500000000000455e+02
5.798700000000000045e+02
5.938600000000000136e+02
5.986900000000000546e+02
5.936399999999999864e+02
5.985000000000000000e+02
5.931900000000000546e+02
5.861399999999999864e+02
6.020800000000000409e+02
5.914299999999999500e+02
5.946000000000000227e+02
5.959299999999999500e+02
6.031699999999999591e+02
6.148200000000000500e+02
6.207500000000000000e+02
6.258899999999999864e+02
6.353500000000000227e+02
6.278999999999999773e+02
6.329900000000000091e+02
6.310000000000000000e+02
6.205000000000000000e+02
6.262000000000000455e+02
6.168799999999999955e+02
6.065700000000000500e+02
6.020000000000000000e+02
6.595900000000000318e+02
6.838500000000000227e+02
6.713200000000000500e+02
6.708999999999999773e+02
6.590900000000000318e+02
6.739500000000000455e+02
6.797500000000000000e+02
7.030700000000000500e+02
7.132300000000000182e+02
7.179299999999999500e+02
7.099199999999999591e+02
7.106599999999999682e+02
6.952699999999999818e+02
6.974500000000000455e+02
6.985199999999999818e+02
7.027999999999999545e+02
6.967500000000000000e+02
7.042000000000000455e+02
7.083500000000000227e+02
7.149099999999999682e+02
7.122400000000000091e+02
7.227899999999999636e+02
7.194400000000000546e+02
7.282400000000000091e+02
7.255399999999999636e+02
7.267300000000000182e+02
7.237400000000000091e+02
7.266399999999999864e+02
7.276499999999999773e+02
7.179099999999999682e+02
7.152400000000000091e+02
7.192999999999999545e+02
7.142599999999999909e+02
7.175099999999999909e+02
7.063899999999999864e+02
7.140099999999999909e+02
7.158200000000000500e+02
7.106000000000000227e+02
7.220800000000000409e+02
6.989600000000000364e+02
6.913600000000000136e+02
7.079500000000000455e+02
7.156000000000000227e+02
7.156200000000000045e+02
7.256799999999999500e+02
7.281000000000000227e+02
7.376100000000000136e+02
7.365700000000000500e+02
7.458099999999999454e+02
7.537799999999999727e+02
7.482100000000000364e+02
7.426299999999999955e+02
7.412000000000000455e+02
7.354400000000000546e+02
7.360700000000000500e+02
7.399500000000000455e+02
7.457200000000000273e+02
7.444299999999999500e+02
7.448600000000000136e+02
7.396100000000000136e+02
7.355900000000000318e+02
7.366699999999999591e+02
7.526100000000000136e+02
7.588099999999999454e+02
7.677400000000000091e+02
7.605800000000000409e+02
7.546399999999999864e+02
7.607699999999999818e+02
7.659800000000000182e+02
7.665599999999999454e+02
7.683099999999999454e+02
7.685599999999999454e+02
7.712400000000000091e+02
7.725599999999999454e+02
7.684900000000000091e+02
7.640399999999999636e+02
7.646299999999999955e+02
7.644600000000000364e+02
7.573099999999999454e+02
7.594800000000000182e+02
7.624500000000000455e+02
7.572500000000000000e+02
7.592200000000000273e+02
7.690000000000000000e+02
7.712899999999999636e+02
7.675800000000000409e+02
7.691599999999999682e+02
7.706200000000000045e+02
7.724400000000000546e+02
7.888700000000000045e+02
7.844800000000000182e+02
7.840599999999999454e+02
7.601399999999999864e+02
7.714900000000000091e+02
7.610099999999999909e+02
7.610900000000000318e+02
7.696900000000000546e+02
7.785199999999999818e+02
7.751000000000000227e+02
7.802200000000000273e+02
7.897400000000000091e+02
8.047000000000000455e+02
8.057500000000000000e+02
7.991599999999999682e+02
8.161100000000000136e+02
8.287200000000000273e+02
8.290499999999999545e+02
8.373099999999999454e+02
8.367400000000000091e+02
8.340299999999999727e+02
8.443600000000000136e+02
8.416599999999999682e+02
8.394299999999999500e+02
8.417100000000000364e+02
8.310000000000000000e+02
8.340900000000000318e+02
8.292799999999999727e+02
8.229600000000000364e+02
8.129500000000000455e+02
8.176499999999999773e+02
8.176900000000000546e+02
8.103200000000000500e+02
8.189900000000000091e+02
8.380900000000000318e+02
8.351799999999999500e+02
8.225900000000000318e+02
8.183600000000000136e+02
7.763200000000000500e+02
7.898200000000000500e+02
7.854099999999999682e+02
7.655599999999999454e+02
7.670299999999999727e+02
7.550499999999999545e+02
7.849299999999999500e+02
7.877500000000000000e+02
7.718799999999999955e+02
7.423799999999999955e+02
7.390099999999999909e+02
7.190700000000000500e+02
7.432400000000000091e+02
7.464900000000000091e+02
7.563999999999999773e+02
7.601599999999999682e+02
7.800000000000000000e+02
7.853300000000000409e+02
7.801200000000000045e+02
7.803700000000000045e+02
7.667699999999999818e+02
7.625199999999999818e+02
7.505700000000000500e+02
7.436499999999999773e+02
7.403400000000000318e+02
7.593600000000000136e+02
7.647200000000000273e+02
7.704199999999999591e+02
7.673300000000000409e+02
7.686599999999999682e+02
7.601200000000000045e+02
7.743400000000000318e+02
7.688200000000000500e+02
7.610000000000000000e+02
7.577699999999999818e+02
7.660000000000000000e+02
7.712200000000000273e+02
7.706000000000000227e+02
7.663400000000000318e+02
7.605900000000000318e+02
7.713999999999999773e+02
7.721299999999999955e+02
7.651499999999999773e+02
7.498700000000000045e+02
7.536699999999999591e+02
7.571799999999999500e+02
7.804500000000000455e+02
7.959900000000000091e+02
7.969199999999999591e+02
7.958999999999999773e+02
7.990199999999999818e+02
8.136399999999999864e+02
8.171399999999999864e+02
8.097200000000000273e+02
8.074800000000000182e+02
8.090399999999999636e+02
8.083300000000000409e+02
8.178799999999999955e+02
8.224400000000000546e+02
8.365199999999999818e+02
8.391499999999999773e+02
8.357699999999999818e+02
8.303799999999999955e+02
8.234800000000000182e+02
8.323500000000000227e+02
8.399500000000000455e+02
8.102000000000000455e+02
8.076399999999999864e+02
8.125000000000000000e+02
8.197100000000000364e+02
8.213600000000000136e+02
8.274600000000000364e+02
8.365299999999999727e+02
8.363899999999999864e+02
8.427000000000000455e+02
8.441399999999999864e+02
8.450700000000000500e+02
8.564400000000000546e+02
8.556100000000000136e+02
8.521900000000000546e+02
8.452400000000000091e+02
8.486399999999999864e+02
